00000000101110111
0001011
011
0001100
000000011100001
000011001
00100
0001110
000000011010011
00000100000
011
00100
00100
0001101
000000011001010
00000101100
011
0001111
000000011000100
000011011
00100
000010010
00110
0001111
000000010111011
000011110
00100
000010101
00110
000010000
000000010111000
00000110111
00111
0001110
000000010110100
000011101
011
00101
010
0001011
011
0001100
0001001
0001101
000000010101111
00000100001
0001000
000010111
010
010
0001001
0001100
000000010101100
00000101000
0001001
000010010
010
010
0001100
0001001
000000010101010
00101
0001000
000011100
0001011
000010100
011
010
0001110
00111
000000010100110
00101
0001011
000011001
0001100
000010110
00100
010
0001110
00111
000000010100010
00100
0001101
000010111
00110
000011111
00101
010
000010000
0001000
000000010011011
00110
00111
00100
011
00000111100
0001000
010
000010000
0001000
000000010010110
0001000
0001011
011
00100
00000111001
00110
0001010
0001101
00111
000000010010010
0001000
000010001
000011110
011
011
00110
000010000
00111
011
00100
0001001
0001101
00110
000000010001111
00111
010
00101
0001101
000011101
0001100
000010011
00101
00101
00110
0001000
0001101
011
000000010001111
00110
010
00100
00100
011
0001000
000011011
0001111
000010101
00101
00110
00111
00111
00100
00100
000000010011010
00101
011
00000100001
000010010
000011001
010
011
0001100
0001110
000000010010111
00100
011
00000100011
0001111
000011011
010
010
0001101
0001100
000000010001101
010
00101
010
00110
00101
010
00000100110
010
010
00100
011
00110
00100
010
0001010
010
00100
000010110
0001111
0001000
010
000000010000010
011
00101
011
00110
00000101110
010
00100
00101
00100
011
0001011
00100
00100
0001100
00100
00110
000010000
000000010000111
011
00100
00101
00110
010
011
00000100110
010
00100
011
011
0001011
0001010
011
0001000
0001000
000011011
000000010000101
011
00100
011
010
011
0001000
00000100100
010
011
00100
010
0001110
00000100101
00101
000010001
0000001111111
00100
000010001
00000100101
010
0001001
00101
00000101010
00110
0001000
00100
0001000
00101
010
0000001111000
00101
000010000
0000001010101
0001101
00111
00101
0001100
0000001111000
00101
0001010
011
00110
0000001010100
0001101
0001010
011
010
00100
011
011
00100
0000001110111
00110
00100
010
00101
00100
00100
0000001010100
0001100
0001000
00111
00100
00101
010
0000001111011
00101
00101
010
011
00110
011
0000001001011
010
0001010
0001100
0001000
000000010001000
00110
00111
00100
00110
0000001010110
0001010
0001011
00111
011
011
010
00100
011
0001111
010
0000001100100
011
010
00101
00111
00101
00100
0000001000111
011
000010010
0001001
000010010
000011000
00101
0000001011110
00100
010
00101
00111
011
010
011
011
00101
011
0000001000010
011
000010010
0001001
000010011
000010111
00100
0000001011110
00100
011
00100
00111
0001101
010
0000001001001
00111
00110
0001010
000010101
000010110
00101
0000001011100
00100
011
00100
0001000
0000001010101
0001001
00100
0001000
000010111
000010111
00101
0000001011011
00100
011
00100
0001000
0000001010101
00111
010
010
00100
010
010
00110
000011000
000011000
00101
0000001011010
011
00100
011
0001000
000010011
010
00000111001
010
0001001
011
00000100111
010
011
000010001
010
00111
00101
0000001011000
011
010
010
010
011
0001000
000010011
00100
00000110111
011
00101
010
010
010
00000101010
010
011
000010001
010
0001000
00100
0000001011010
00101
0001001
000010001
00101
00000100000
011
000010010
011
011
00100
00101
010
00000101000
010
011
000010100
011
0001001
00100
0000001011000
00101
00101
010
00100
000010010
011
010
010
000011111
00101
0001111
00110
010
00100
00101
011
00000100111
0001110
010
000010010
00101
0000001010111
00101
00101
00101
010
000010001
00100
00000100001
00100
0001101
000010011
00000100101
010
00101
000011100
00111
0001001
010
0000001001100
00101
00101
00101
011
000010001
010
000011111
00111
0001010
010
00100
000010011
00000101011
00100
010
011
00100
000010001
010
010
010
011
011
0001010
010
0000001001010
00110
00100
00110
010
000010000
00100
000011111
00111
0001101
000010100
00000101011
00100
00100
010
011
000010000
010
010
010
00100
011
0001011
010
0000001001001
00101
00100
00111
010
000010001
011
011
010
000011100
00110
0001000
00100
011
000010101
00000110001
0001111
00110
000010011
010
0000001000111
00101
00100
00000111000
00110
0001000
00111
00100
011
010
0001111
00000100100
00100
0001001
00110
010
0001010
00101
011
010
000010010
011
0000001000110
00101
011
000011100
010
000011101
00101
0001010
00100
00100
010
00101
000010000
0001000
010
000011000
011
010
00100
0001011
00100
010
00100
011
00100
00111
0001001
010
0001100
011
0000001000100
0000001000001
011
000010011
000010011
000011011
010
00100
011
00100
00100
0001011
00110
0001100
000010111
011
0000001000011
0000001000001
011
000010011
000010110
010
010
00110
010
0001000
010
011
010
00101
0001110
0001110
010
00100
00111
00100
000010111
010
0000001000010
0000001000010
011
0001111
00000100111
010
011
010
011
010
0001100
010
010
010
010
0001111
0001101
010
000011000
010
00000111110
010
011
000011011
010
00000110101
00100
011
00000111011
0001100
00000101000
010
00000111100
010
011
000011100
010
00000110101
010
010
00000100100
010
000011010
00101
010
00101
0000001100100
010
010
0000001010001
010
010
010
010
00000100011
011
000011011
0001010
0000001100011
0000001001011
010
0001001
010
011
0000001000100
011
010
010
0000001100011
0000001001100
011
0001011
0000001000111
010
00000101110
010
00000110100
0000001001101
011
00110
010
011
0000001001010
010
00000101101
011
00000110010
000011100
010
00000101111
00111
011
00100
011
0000001010011
010
00000100100
00100
00000110000
000011100
00100
00000101101
0001110
00100
0000001110110
00100
00000101111
000011100
00100
00000101101
0001110
011
000011111
010
0000001011000
00100
00000101110
000011101
00100
00000100110
010
00100
000010010
011
000011111
00100
0000001010101
00101
00000101101
000011101
011
00000100110
010
010
010
010
000010010
00100
000011111
00110
0000001010100
00101
00000101010
00000100000
011
000010010
010
000010101
000010100
00100
000011001
010
0001000
00100
0000001010101
00100
00000101010
00000100000
011
00110
011
000011101
010
010
000010110
011
000011000
00100
00111
00101
0000001010100
00101
00000101001
00000100000
00100
011
00101
000011101
010
010
00000101110
00111
00110
00111
0000001010010
00101
00000100111
00000100001
00101
010
00101
000010110
010
0001001
00000101110
0001000
00101
00110
00000101001
010
00000101010
00101
00000100110
000011110
010
00100
00101
011
00101
000010101
011
0001000
00000101101
0001001
00111
011
0000001010100
00110
00000100100
000011100
011
010
00100
010
00110
011
00100
000010101
011
00111
00000101110
0001001
00000111110
010
000011101
00111
00000100011
000011101
00100
010
011
010
00101
00100
00100
000010010
011
010
011
00111
000011111
010
0001111
0001000
0000001001101
010
000010000
00111
00000100010
000011101
00100
011
010
010
00110
00100
011
000010001
011
011
010
0001000
000011110
00100
0001110
00111
0000001011110
00111
00000100010
0001110
010
00100
010
0001100
00100
00101
00110
011
00100
0001011
011
011
00100
0001100
000011110
011
0001110
00110
0000001010100
010
0001011
0001000
00000100000
000010000
00100
0001101
00101
00100
00111
010
00101
0001010
010
00100
010
00111
010
00110
000011111
011
0001111
011
00000100100
011
00000111100
0001000
00000100000
0001111
0001000
0001001
00110
010
010
010
00111
011
011
0001110
011
0001110
00000100101
010
0001010
010
00000100101
011
00000111011
0001001
000011110
000010001
00111
0001010
0001111
010
011
0001011
010
011
011
011
010
0001010
000010101
00110
0000001001111
010
00000100100
010
00110
0001000
000011101
011
011
0001111
011
011
011
0001001
0001111
0001101
011
011
010
010
00110
0001000
000011001
00101
000010011
010
0000001100011
0001001
000011100
00100
010
0001111
010
000010000
0001110
0001100
010
00100
00111
0001000
000011100
00111
0001110
010
0000001100100
0001001
000011011
000011000
010
0001010
010
011
0001100
0001101
010
00100
00111
0001001
000011110
00100
0001110
010
0000001100100
0001010
000011011
000010100
00100
0001011
011
010
0001100
0001100
011
00100
0001000
0001001
00111
00100
000010101
00111
00000101110
010
0000001000000
0001010
000011011
010
011
000010001
010
0001100
000010000
000010001
0001000
0001001
00000100001
00101
00000101101
010
0000001000000
0001011
000011110
00101
00100
000010101
000010000
000010010
00111
00111
00000100010
00100
00000110010
010
00000111110
0001010
000011010
010
00100
00110
011
00111
010
0001000
010
00101
000010001
000010010
00111
00111
00110
011
0000001010000
010
000011011
010
00000100010
0001011
000011100
011
011
00100
010
00110
011
0001100
000010010
000010011
00110
011
010
00100
00110
00101
00000100101
00110
010
010
00000100011
010
000011000
00110
00000100001
0001011
000011001
011
00110
0001001
011
00100
011
00110
000010100
000010011
00101
00100
011
00110
010
00110
00100
00100
000011111
0001010
00000111010
00101
00101
011
000011100
0001011
000011001
010
00111
00100
00110
00100
011
00111
000010010
00100
011
000010000
00101
00100
010
00111
010
00110
010
00111
000011110
0001011
00100
010
00110
010
00000101110
0001011
000011101
0001011
000011101
00110
011
010
011
00100
00100
00110
000010010
00101
011
000010001
010
000011000
00000100001
00100
00110
010
00100
011
00101
010
00101
011
00000101010
0001010
000011101
0001010
000011100
00111
010
011
011
00100
00110
00100
000010010
00100
011
0001111
00100
000011000
00000100010
00100
000010000
010
00000101010
00101
010
0001100
000011100
0001011
000011111
011
00111
011
011
010
000010111
000011101
00100
0001111
011
00111
000011011
011
00000110101
010
00101
010
011
000010001
000011010
0001010
00000100111
010
000011011
011
010
000011010
00100
0001101
011
0001011
0000001010110
000010001
000011011
0001010
000011111
010
00000100100
010
010
000011011
00100
0001010
0001000
011
00100
011
000010010
010
000011111
010
00000100101
000010000
000011100
0001011
00000100111
010
00101
00100
000010111
0001001
00101
0001101
010
010
010
00111
0001100
010
000010110
00100
000011111
010
00000100101
000010000
000011101
0001010
00000101100
00100
000010111
0001001
00110
00101
010
00100
010
011
010
011
011
00100
0001010
00101
000010011
00110
0000001000101
000010000
000011101
0001010
00000101100
00101
000010111
0001000
0001100
011
00100
00101
010
011
00111
0001000
000010011
00100
00000111101
011
0001100
0001101
000011110
0001011
00000101011
00111
000010110
0001000
0001011
010
00110
00100
011
00101
00100
0001010
000010000
010
00100
010
00000111100
00111
0001001
0001100
00100
010
000011010
0001011
000010010
00101
0001111
010
00111
011
010
010
000011001
00111
000010010
000010101
0000001010001
00110
00101
010
00100
00100
010
0001000
000011110
0001011
000010010
00101
0001111
010
00000100011
00111
000010100
000010011
0000001010101
011
0001100
00111
000011111
0001100
000010001
00100
000010000
010
011
010
00111
010
000011001
0001010
000010011
00110
010
0001010
0000001010111
011
0001000
010
00100
00110
000011111
0001100
000010011
010
00000110010
00110
011
00100
000011010
0001001
0000001010111
011
0001000
011
00100
00101
00000100000
0001011
0001100
010
011
010
010
010
010
011
00000110010
00101
000010111
010
0001001
0001000
0001101
010
0000001001001
010
0001010
010
00110
00101
000011111
0001011
0001100
011
010
00100
00000110011
00111
000010100
010
011
00100
00111
0001001
00111
00111
00000101001
00101
00100
010
00000101010
00100
00000100000
011
00101
00101
0001011
00110
000010101
010
000011111
011
000010111
00101
010
010
0001000
0001001
010
00100
010
0001000
000010001
00100
000010111
0001000
000010010
010
000011001
00100
000011111
00100
00100
00101
0001001
010
010
010
011
011
00000110011
010
000011011
00101
0001010
000010010
00111
010
0001010
011
00101
011
010
010
000010011
00111
000010001
010
000011010
011
000011111
00100
00100
00101
0001001
010
0001100
00100
00000101011
010
000011101
00101
0001000
000010010
00101
00100
00110
00111
00100
00110
000010101
00101
000010010
010
000011010
010
000011111
00101
00100
00100
0001111
010
00110
00110
00000101000
00101
000011011
00101
0001000
000010011
010
00110
011
000010011
000010010
010
010
00101
0000001001011
00101
00101
011
0001001
010
00101
00100
00100
00111
000010000
010
000011011
010
000011011
00110
00111
00000100100
011
0001101
00110
00110
010
011
011
011
0000001001101
00101
0001101
010
00110
00100
011
0001001
0001100
00100
000011011
010
000011100
010
0001010
000011011
010
00101
011
011
00100
0001111
010
0001001
000011111
00100
00000110011
00100
0001101
010
00101
0001111
00000101010
011
0001100
010
000010111
00100
010
000010111
011
00101
0001001
0001110
010
0001011
000011101
010
00000110000
010
00110
011
000010011
0001101
00000101011
011
0001011
011
000011100
000010100
011
00101
0001010
000010111
011
010
00000100000
010
00000110100
010
000010011
0001000
010
00110
010
010
00000100111
011
0001011
00100
000011011
000010100
011
00101
011
00100
00100
000011010
00000100000
00101
00000110100
010
000010011
00110
011
011
010
011
000010100
010
000010100
00100
0001001
010
010
00110
000011001
000010101
010
00101
010
00101
011
0001000
011
000010001
00101
011
000011011
010
010
011
0000001001000
011
00110
00101
0001100
00100
00101
00100
0001000
00100
011
010
00110
00101
00111
0001010
000011000
0001100
00100
0001111
010
011
010
0001000
011
00101
011
0001010
00110
010
010
011
000011011
011
00000100010
00100
00100
011
000011111
011
00110
011
011
010
00100
010
00111
00101
011
0001001
00110
011
010
00101
00100
000010011
00111
011
0001000
00100
00101
0001110
00110
011
010
0001001
010
0001011
011
00101
011
0001010
010
00100
00101
010
000011011
00110
0001000
010
000010010
0001001
011
00100
00000100000
011
00101
010
00100
010
011
011
00110
000010001
00101
0001000
011
0001110
010
0001001
011
00101
011
00101
00111
0001010
0001000
00110
011
00110
00100
0001111
00101
00110
010
00100
010
00100
00000101101
00100
000010001
0001000
010
00101
000010101
010
0001010
010
00110
010
00100
011
010
011
011
000010111
010
0001001
010
0001110
011
0001111
010
00110
00110
0001000
0001001
0001110
011
0001111
010
010
011
0001100
00100
010
00100
010
010
011
000010010
010
000010010
00101
010
010
0001110
0001000
00100
00100
000010101
011
0001010
010
0001000
00100
010
00000110010
010
000010100
0001000
0001000
0001001
0001100
00100
000010011
011
010
010
010
010
0001000
011
011
011
010
011
010
000010001
011
000010100
011
010
010
0001100
0001001
00101
00101
000010100
010
0001010
011
00101
000011010
011
000011101
010
000010001
011
011
0001001
00111
00101
00100
010
0001100
00100
0001000
010
0001011
0001000
0001100
00110
011
00000100100
011
0001110
0001000
00110
00100
000011111
010
011
000011100
011
000011001
00100
000010100
010
00101
00110
00111
00110
000010001
00100
000010011
00100
010
010
010
00110
00110
010
011
00100
011
010
011
00100
011
000010101
011
00111
011
0001110
010
010
00110
00000101010
0001111
010
0001101
00110
000010011
00110
000010100
00100
00111
010
0001010
011
000010001
010
010
011
000010011
010
0001000
00101
00110
00110
00100
00101
00111
000010001
00100
000010111
00100
00000101100
0001111
010
0001110
00110
000010010
00110
000010011
00100
010
011
0001101
010
000010111
010
000011101
00100
0001000
010
011
010
010
00110
00100
011
00100
000010000
010
000011000
011
00000101100
0001000
00100
000010100
00100
010
010
00101
010
0001100
00111
0001010
011
00111
00100
000010001
00100
000010101
010
00110
010
0001101
010
0001001
010
0001110
010
010
0001001
00111
00000101000
011
00000101001
0001001
00101
0001110
010
00110
010
00110
00101
00110
011
00100
00100
011
011
0001001
00100
010
010
00100
00101
000010011
010
000010100
010
000010100
010
0001100
010
0001101
0001100
00101
00000100010
010
00100
00101
00101
011
00000100011
0001001
00100
011
011
00101
010
00100
00100
000010010
00110
011
00100
010
00100
0001001
011
010
011
00100
00100
000011111
011
00000110001
000010000
010
00000101001
00110
011
00100
010
010
00000100011
00110
00101
011
011
00101
011
010
00101
000010010
00100
00101
0001000
0001100
010
00100
00101
011
00100
010
011
0001101
011
00110
011
011
010
00000110100
010
00100
0001010
010
000011110
00101
00101
010
010
0001001
011
00100
00000100010
00101
0001010
00100
0001001
000010000
0001100
0001000
010
0001001
010
011
00110
010
00101
010
010
00100
010
0001011
010
00101
00111
00000100000
00100
000010010
010
00101
0001001
010
000010101
011
0001001
0001100
011
00101
011
011
00000100011
00101
011
011
00101
00100
0001001
00110
00101
00100
010
011
011
00101
010
00100
010
00101
010
000010000
011
010
010
010
00110
00110
011
010
011
00111
00101
010
010
010
00100
00000101000
010
0001011
00110
011
010
010
000011101
00111
011
0001100
00110
00100
00000100100
010
010
00100
0001010
011
00111
010
00101
00100
00101
000010001
00111
0001111
010
00101
010
010
00101
00100
010
011
010
0001010
00101
010
00110
00000100010
010
00100
010
010
00100
011
00100
011
011
00111
0001110
011
0001111
011
010
000010001
0001000
011
000011100
010
0001011
011
000010010
010
011
00110
00101
010
010
000010000
010
011
011
000011000
010
00101
011
00101
010
00101
010
00100
0001000
000011011
010
0001000
010
00100
00101
010
010
011
00100
011
011
00111
0001101
00100
0001111
010
00100
0001011
010
011
0001001
011
000011100
011
0001011
010
00100
010
0001110
010
010
00110
0001000
000010010
00101
000010111
011
00100
010
0001001
010
010
010
011
0001001
000010101
010
00101
011
010
010
0001001
00101
000010001
000010000
00100
000010011
0001001
0001100
010
000011110
00100
000011100
00111
011
010
00110
011
011
0001010
0001010
00110
010
0001101
0001011
0001110
00101
000010101
011
0001000
011
0001001
00111
00111
010
00101
010
010
0001011
010
00111
00100
0000001000100
011
000011100
011
010
011
00101
010
00100
00101
011
010
011
00110
0001100
00110
00100
0001010
0001101
0001011
00101
000011101
011
010
010
010
011
00110
00111
00110
011
00110
000010010
00110
0000001000011
011
000011100
011
010
011
0001001
010
010
011
00100
010
010
00101
00100
010
0001001
00110
00101
0001000
010
011
010
010
0001001
00111
010
011
010
000010110
010
00110
010
00111
00110
011
010
00100
00110
0001001
010
00110
0001100
0001010
0000001000011
011
000011100
011
010
011
011
010
0001001
010
011
00111
011
011
00100
010
00111
00101
00110
00111
010
010
010
00110
00111
00110
010
000011110
010
0001000
0001010
011
010
010
00100
0001000
011
00111
0001011
010
00101
00101
0000001001001
011
000010110
011
00110
00101
010
010
00111
011
010
011
010
011
00101
011
0001000
00101
00101
00100
010
0001110
0001001
00000100111
000010001
00111
00101
00101
010
00101
00100
010
00100
010
011
00110
0000001000101
010
00100
011
000010111
010
00101
00110
00111
010
011
010
00100
010
00101
011
0001101
011
00100
00101
010
0001000
010
00110
00110
000011010
00100
00100
010
00100
010
00101
0001100
011
00100
00111
0001000
0001000
011
00101
00100
00101
0000001000110
011
011
011
000010111
011
00100
00110
010
010
010
010
00110
010
010
00100
0001100
00100
00100
00100
00100
00101
010
00100
010
00100
010
00000100110
00101
00101
010
00101
00110
00110
00101
010
010
0001011
011
011
00100
0001010
00101
010
011
00101
0000001000100
00110
000010110
010
010
011
010
00101
011
00101
00101
00111
00101
010
011
00111
011
00101
010
0001011
010
00101
011
00000100100
011
010
00100
0001001
00101
00101
00111
000010001
010
0001101
0001000
00101
0000001000010
00111
000010110
00101
010
011
011
00101
00100
010
011
00111
00100
0001011
010
011
00100
011
011
010
010
0001001
00100
0001101
00100
000011000
011
0001010
00110
011
0001000
000011001
00101
010
0001000
00110
00000111010
010
00100
0001010
000010110
00101
010
0001010
00111
0001000
00100
0001001
010
011
00100
000011110
00101
000011000
00101
00111
00100
010
010
00100
00110
010
010
00101
010
00100
010
0001001
011
00101
0001101
011
010
010
00000111011
011
011
00100
011
00101
000010110
00101
010
0001011
00110
0001000
00100
0001000
00111
000011001
010
010
0001011
000010100
011
011
011
00101
010
010
011
00111
0001010
011
00111
000010000
010
010
0001000
00100
011
010
010
011
010
011
00000110100
011
00100
010
00110
010
000011000
011
011
00111
011
00100
00100
0001011
010
0001100
011
000011011
0001100
000010111
00100
011
00110
011
010
011
0001010
00101
011
010
00100
00100
010
00111
011
00110
0001000
00100
00100
010
00100
0001000
00000101110
010
00000100100
011
010
0001011
00101
0001011
011
00110
010
0001010
010
000011000
0001010
000010000
011
011
010
00100
011
00100
010
010
010
010
011
010
010
00100
0001001
0001011
00111
00110
011
011
010
010
011
00100
011
010
00101
011
00100
0001001
00000110100
010
000011101
00100
011
0001011
00100
0001011
00100
00000100111
0001000
0001111
0001000
011
00100
0001000
010
00111
0001010
0001011
00100
0001001
00101
010
00100
010
011
011
00101
00100
00100
0001000
00000110100
011
000011000
010
00100
0001000
010
0001000
00100
0001000
00100
0001010
010
00101
00100
010
011
00101
011
000010001
00110
000010000
011
00100
00100
010
00100
00110
010
0001010
0001001
0001000
010
011
00100
00100
010
00100
010
00111
00100
0001000
010
011
00100
0001011
00000110010
011
000011000
010
00111
00101
010
0001000
00100
011
010
00101
00100
0001000
00101
010
0001011
00100
010
000010010
00101
0001000
010
0001000
010
00100
010
011
00101
00111
011
0001010
0001011
0001000
00101
0001110
011
0001001
010
010
00101
0001100
0000001000111
010
010
010
010
011
00100
010
00110
0001011
0001000
011
011
00110
00100
00100
0001011
011
010
010
011
000010010
011
000010111
011
0001010
00100
0001000
0001011
0001010
00110
00101
010
00111
010
0001100
00100
0001111
0001010
00100
00000111000
00100
010
00100
00100
010
011
0001110
0001000
010
0001010
010
00100
010
000010100
0001110
00100
000010100
010
00111
010
00111
00100
00111
011
011
00100
011
011
0001011
00100
00101
00100
000010010
011
0001111
0001011
00100
000011110
010
00101
011
000010010
00101
011
011
00100
010
011
0001110
010
00100
0001101
00111
00100
00101
0001110
0001011
010
010
011
0001111
011
010
010
00100
010
0001100
00110
00110
011
011
00110
0001110
00100
011
011
00100
011
000011111
00000101000
011
0001000
010
00111
010
0001011
010
00111
010
010
010
00101
0001001
010
00101
011
011
0001100
000010001
0001110
0001000
011
011
010
000010000
00100
011
011
00111
011
00100
0001000
0001000
00110
000010100
010
00000100100
00000101000
011
0001000
010
000010010
010
0001001
010
00110
0001101
011
010
00101
010
00111
000010101
0001001
010
010
011
010
00110
010
00101
011
0001101
010
00110
010
00111
011
00100
010
0001100
0001001
000010011
011
00000100010
00000101001
011
00000100011
010
00110
0001001
011
00100
010
011
011
00100
00101
000011010
0001010
00110
010
00101
00100
00111
011
0001000
010
010
010
0001000
011
010
011
0001000
0001101
000010010
00101
00000100001
00000101001
011
010
010
00111
010
000010010
010
00111
010
00111
0001010
00111
011
010
011
010
000011101
0001011
00111
010
00100
00100
0001000
00110
011
010
0001111
010
011
011
011
011
011
0001110
0001110
00101
00000100001
00000101010
011
010
010
0001110
010
0001011
010
00110
011
010
010
00101
0001010
011
011
011
00111
010
000010111
010
010
0001111
011
010
010
011
011
00101
0001001
00100
011
010
010
010
000010000
010
00110
010
010
0001110
00000110010
00110
011
00000100011
011
010
010
0001100
010
00110
010
00111
010
00101
010
010
010
010
011
00100
0001010
00111
00100
00100
000010011
000010111
010
011
010
010
00100
00101
0001001
00111
010
010
000010110
000010010
00000101111
011
010
011
011
00000100011
011
010
011
000010000
00100
00101
010
0001000
011
00101
0001011
0001101
000010000
000011110
00110
00101
0001000
011
010
00100
010
011
000010001
010
010
011
00100
000010000
000011011
010
000010010
00100
010
010
011
00000100100
010
00100
011
000010000
00100
0001010
00101
00110
0001101
0001010
000010000
000011111
00111
011
0001000
011
010
00100
00101
00100
0001110
00100
00100
00110
011
0001011
000011100
010
0001111
00110
010
00000101001
010
000010100
010
0001011
011
011
000010000
0001010
000010000
000011111
00111
011
0001001
010
00100
010
000010101
00100
00100
010
00100
00111
010
00100
010
00101
00000101000
00111
010
00000101001
00100
000010111
011
00110
000010011
0001001
0001010
010
00100
00100
010
00000100011
011
011
0001011
010
000011000
011
0001000
0001010
010
010
011
010
00000101000
00000110001
011
000011011
010
00100
0001011
011
00101
011
010
00111
0001001
00000101100
011
011
00000100100
010
010
010
00100
0001011
010
011
0001000
010
00000100001
00111
010
00000101000
010
00101
010
000011001
010
00100
010
011
0001010
011
00110
010
010
00111
0001001
00000101011
00101
011
000011100
00110
00101
011
011
0001111
00000100010
010
00110
00111
010
00000101000
010
00100
011
000011010
010
00100
011
010
0001010
010
00100
00100
011
00101
0001001
00000101010
00000100011
0001000
00100
011
00100
0001011
00100
00100
011
011
000010111
010
0001001
00000110100
011
000011111
010
010
0001011
010
011
010
00100
00111
00101
0001101
00100
0001000
00110
000010100
00000100001
0001001
00100
011
00101
0001000
00111
011
010
011
000010111
010
011
011
00100
00000110110
010
00000100011
0001000
011
0001000
00111
011
0001110
010
00100
010
00111
010
0001000
00111
00111
00000100100
0001010
0001000
0001100
00101
00110
000011000
00100
011
00000110111
010
00000100100
011
011
010
00100
0001010
000010111
011
0001100
00000110011
0001111
011
0001100
00101
00110
000011000
011
011
00000111000
010
00000101110
010
010
00111
000010001
010
011
00100
0001100
00000110101
011
00100
0001011
010
0001011
00101
00110
000010111
011
00100
0001000
010
00000101111
011
00000100111
011
0001001
010
011
00100
0001111
00111
0001010
00000111111
0001001
010
00111
010
00100
00101
011
000011010
011
010
00000111010
011
00000100111
011
010
00100
00101
010
011
00100
010
010
0001100
011
010
011
0001011
000011110
010
00000100001
0001101
011
010
011
011
00000100011
0001000
010
00000110010
011
00000101010
00101
0001000
00101
0001100
011
0001110
000011110
011
000011000
011
00111
0001101
00111
010
00000100011
00111
011
00000110011
011
00000101011
011
0001001
00110
000010000
010
00110
000011110
011
011
010
000010111
011
011
010
010
010
010
00101
010
0001001
00000101001
0001000
011
00000110100
010
011
011
00000101001
00110
00100
00111
000010011
00000100001
011
00100
010
000010101
000011001
000011101
010
00101
011
011
00000111110
010
010
011
00000101010
00101
00100
0001000
0001111
011
010
00000100010
011
011
011
000010111
00110
011
0001010
011
011
00000100011
0001011
010
00000110111
010
011
010
00000100001
010
0001010
00100
00100
0001000
0001110
00000101011
011
0001110
010
0001000
000010001
00000100111
0001011
010
00000110111
011
00110
010
00000101000
00100
00100
00111
0001110
00000101011
00101
0001100
011
0001000
0001111
011
010
00000100100
0000001000100
011
00101
011
00100
011
00000100100
010
00110
00101
0001111
00000101011
00101
0001100
011
00111
000010011
00000100010
0000001000110
010
00110
010
011
010
010
010
00000101011
00100
0001011
011
010
00000101111
00101
000010100
00110
010
00101
010
00100
00000100011
00110
010
0000001000110
011
010
010
00000101110
00100
00110
011
010
00000110110
011
000011010
00100
010
010
00000100101
00101
011
0000001000010
011
011
00101
0001101
010
011
010
000011111
010
00111
0000001010101
00101
00000100100
00101
011
0000001000001
010
010
00100
011
011
0001110
010
010
00100
00000100101
0001101
011
0000001000110
011
00000100111
011
00101
0000001000011
00101
010
00100
010
010
0001011
011
00111
011
00000100011
0001011
010
0000001101110
011
00100
00000111110
010
00111
0001011
000010010
011
011
010
00000100001
010
011
00111
011
0000001101101
011
00100
00000111110
010
0001000
0001001
000010011
010
011
011
011
010
000011110
0001011
010
0000001101101
011
011
0000001000000
010
00110
0001011
00000111000
0001011
010
0000001101101
0000001000011
010
00101
0001100
0001000
010
00100
011
00000101100
00100
00100
011
010
000010100
0001001
0000001010101
0000001000010
011
00100
0001100
00101
00111
000010011
011
000011011
011
00100
011
011
000010011
010
00100
00110
00100
00101
0000001001101
0000001000010
00101
010
0001101
00100
00111
000010100
011
000011011
0001000
010
000010101
00111
00100
00111
0000001001100
0000001000011
000010100
00100
00101
000010100
00100
000011001
000011100
0001000
010
0001010
0000001001010
0000001000100
000010011
00101
00110
00100
00100
0001110
00101
000011001
000011010
000010011
0001010
010
00000111110
0000001000110
010
010
010
010
0001111
00100
00111
011
00110
0001101
00110
000010111
011
011
000010101
000010001
011
011
0001001
010
000010101
010
00000101001
0000001000110
010
00110
0001110
011
0001000
010
010
0001010
010
0001001
00110
000010100
00101
00100
000010001
000011000
000011100
011
00000101000
0000001000111
011
00110
0001101
011
011
00110
00111
010
011
011
010
0001101
00100
0001110
010
00100
00101
00100
000010011
00110
00100
0001110
000011100
00100
00000101000
0000001000111
00100
010
000010011
00111
0001010
011
011
0001100
011
000011010
000010000
010
010
00111
00100
0001110
00110
010
000010100
00110
00000100011
010
00100
0000001000111
000010100
00101
00110
00100
00100
011
00111
0001100
010
011
00100
000010101
000010000
0001010
011
0001110
00110
010
000010011
00111
000011111
010
00100
010
011
0000001001001
000010011
00101
00100
00111
011
010
011
010
00110
0001100
011
011
00100
000010100
000010000
0001010
010
0001110
00110
010
000010010
0001011
000011101
010
00111
0000001001000
0001010
011
0001001
000010001
011
010
00101
010
011
0001001
011
00101
00100
000010011
0001111
000010111
000011001
0001100
00000100011
00100
010
0000001000101
0001010
00101
00110
000010111
00101
011
00100
00101
00100
00101
011
000010011
0001110
000010111
000011010
0001010
00100
010
011
010
000011101
0000001001010
0001010
00110
00101
00111
010
0001110
0001100
00100
00100
00101
00100
000010100
0001100
000010110
000011011
0001000
010
0001011
000011100
0000001001001
0001111
011
011
0001011
010
0001101
0001010
011
00100
00111
011
000010100
0001011
000010110
000011101
011
00101
0001100
000011011
0000001001010
000010100
000011000
0001001
00100
011
00110
00100
000010100
0001010
000010110
00000100001
0001110
000011011
0000001001010
000010101
0001100
00100
00111
011
010
0001001
0001011
00100
000010010
0001011
000010110
00000100001
000010000
000011010
0001111
00100
011
010
00000110110
00100
00100
000010010
0001001
00100
0001100
0001001
0001001
00100
0001011
010
00111
0001010
000011000
000011111
000010100
000011000
0001101
00111
00000110111
00100
0001010
0001100
000010111
0001000
011
011
00110
00101
000010010
0001000
000011000
000011111
000010100
00100
011
000010101
0001010
0001000
00000110111
00110
0001000
0001100
000011000
0001011
010
011
00100
00101
000010010
00111
000011000
00000100000
000010010
011
00101
000010101
00101
011
011
0001000
00000111010
00110
0001000
00101
000011110
0001100
010
010
011
00111
000010101
011
000010111
00000100010
0001110
011
00111
000010110
00111
0001000
00000111011
00111
011
010
00110
00100
000011111
00111
00101
011
00110
00100
00000101100
00000100010
0001101
011
0001000
000010111
00110
00111
00000111101
0001000
00000101001
00101
011
011
00100
011
00110
00100
00000101011
00000100000
000011000
000011001
010
00111
00000111111
0001000
000011111
011
0001001
00101
010
011
0001100
00100
00000101010
000010101
011
0001100
000011000
000011101
0000001000011
00110
00101
011
00000100010
0001000
0001110
011
00000101010
00000100010
000011001
000011001
0000001000110
00111
00100
0001000
0001100
011
0001111
00111
011
010
0001101
011
00000100001
010
010
010
00111
000011101
010
011
000011011
000011000
0000001000100
00110
0001000
0001000
00111
010
000010101
00111
010
011
0001000
010
00110
010
00000100000
00101
00110
000011100
011
011
000011100
000010110
0000001000110
011
010
010
0001000
0001001
00110
00110
000010001
0001100
00110
010
011
010
00100
011
0001000
011
000010110
00100
00110
000011100
00000100000
00101
010
000010010
0000001000101
0001010
00100
0001100
000010001
010
0001001
0001000
010
011
00111
00110
0001001
010
000011000
010
00111
000011000
010
00100
00000100000
00101
010
010
010
0001110
0000001001000
0001010
00100
0001100
0001000
00110
0001110
0001001
0001001
00100
011
00110
000011011
011
00110
000011001
000010010
010
00110
010
0001011
00100
010
010
011
0001101
0000001001001
00110
010
011
00101
0001011
0001001
00111
00101
010
0001001
0001100
00101
0001011
00111
00100
000010010
011
00110
000011010
00110
00110
00110
00101
011
011
0001011
00100
010
010
011
0001010
0000001001101
00111
00100
0001111
0001110
010
011
00101
00111
0001101
011
0001100
00101
00101
000011000
00000100110
011
0001010
010
011
0001001
00100
010
0001100
0000001001111
00110
00111
0001110
0001100
011
0001101
0001101
00100
0001011
010
0001000
000011000
00000101010
011
0001000
0001001
00100
010
0001011
0000001010001
00101
0001010
011
010
00101
011
011
0001100
00101
011
010
0001001
0001011
00100
010
010
010
011
00110
011
0001000
0001010
0001000
00110
00000101101
010
00111
0001001
011
010
0001001
0000001010101
00111
0001000
00101
000010100
0001000
00111
000010001
0001011
00111
0001010
00110
00111
00000101101
010
010
000010001
0001011
0000001010101
00110
0001011
011
000010100
0001001
00110
000010001
0001011
00111
0001010
00100
00111
0001111
011
000011100
011
011
010
010
0001110
0001010
0000001011000
00100
0001100
011
000010110
0001000
00100
000010100
0001001
00111
0001011
011
00110
011
010
000011111
011
0001010
010
010
010
00101
0001101
00111
0000001011100
010
00000100110
000011101
0001010
00111
0001111
010
00100
000011110
00101
0001010
011
00101
0001100
0001000
0000001101100
011
000010110
000011110
0001001
00110
000010010
000010000
010
0001110
00110
0001001
000010000
0001010
0000001100000
010
0001101
00100
000010110
000011111
00111
00111
000010000
000011101
0001000
0001000
0001000
010
0001001
0001000
0000001100010
00111
0001001
00100
000010110
000011111
00111
00111
0001111
010
010
000010100
011
011
0001011
00111
000010001
00110
0000001100110
00111
011
011
000011101
000011110
0001000
0001000
0001111
000010100
010
011
00110
0001101
000010000
00110
0000001101000
0001010
000011110
000011101
0001001
00111
0001110
000010111
00111
0001100
0001111
0001001
0000001101000
0001000
000011111
000011110
0001000
0001000
0001101
000010110
0001000
0001100
0001101
0001011
0000001101001
010
00101
011
000011111
000011101
0001000
00111
0001110
0001110
011
00111
0001001
0001110
011
000010000
000000010001000
010
0001000
000011101
0001001
00110
0001101
0001111
010
0001001
00111
000011111
000000010001001
00111
011
0001110
010
0001010
011
00100
0001001
0001000
0001011
000010111
0001000
000011100
0000001110011
011
000011001
000010100
00101
0001000
011
00101
0001000
0001000
010
010
0001001
000010011
0001111
010
00101
000010001
0000001110111
00101
000010110
000010101
00101
00110
00100
00110
00111
0001010
0001001
000010010
000010110
0001100
0000001111100
0001000
000010010
000010101
00111
00100
00100
0001000
010
010
010
0001011
0001000
000010011
000011000
00110
000000010000001
011
011
00110
000010000
000010101
00111
011
00100
000010101
0001000
0001011
011
0001011
000010110
00101
010
010
010
011
0000001111100
011
010
011
010
00101
0001111
000010100
00111
011
00100
000010101
00111
0001011
010
0001101
0001100
00100
000000010001110
0001100
0001101
000010100
00110
011
00100
000010110
00101
000011000
00111
010
010
0001001
000000010001111
0001100
0001100
000010011
00111
010
011
000010111
00101
000010100
0001000
0001101
000000010010001
0001100
0001100
000010010
00111
010
011
000011000
00100
0001101
011
00110
0001000
011
010
010
00101
00101
000000010010010
0001101
011
010
0001000
000010001
0001010
00000100101
00100
00111
000010000
011
000000010010110
0001011
010
011
0001000
000010010
00111
00000100110
00100
0001000
000010000
010
000000010011000
0001101
0001001
000010000
0001001
00000100011
00100
0001011
0001000
010
00101
011
000000010011011
0001001
00100
010
0001000
000010000
0001001
00000100010
00100
0001100
00111
010
00101
011
000000010011101
0001011
0001001
000010001
0001000
00000100001
00100
0001100
00111
011
000000010100100
0001011
011
010
00101
0001111
010
010
0001000
00000101110
000010001
010
0001010
010
000000010010010
0001001
010
00101
00100
000010000
0001010
00000110010
0001100
010
000000010011110
0001101
00100
000010000
00100
010
0001100
000011011
00100
000010011
000000010100111
0001100
00101
0001111
000010011
0001111
010
00101
0001100
000010000
000000010100111
0001010
00110
000010000
00000110001
0001111
010
010
000000010100110
0001000
00110
000010000
00000110101
0001000
000000010101101
0001000
00110
000010010
000000011100110
0001001
0001010
0001010
011
011
000000011100110
0001010
000010011
010
00000100111
010
0001100
011
000000010110011
0001100
00000110100
00101
0001000
00110
000000010110110
0001011
011
00100
000010000
00101
000010101
0001001
010
011
011
00111
000000010111100
000010100
0001101
010
000010000
000010101
000000011000001
000011011
00110
011
00101
000011001
000000011001000
000011001
00100
00100
010
000011000
000000011001111
00000101101
000000011011001
00000100011
000000011100100
000011110
00000000101110101
