175
0
1
2
3
4
5
6
7
8
9
10
12
11
13
15
17
14
16
18
20
26
19
22
28
31
23
25
24
27
21
33
32
34
29
30
41
45
37
36
38
35
39
48
42
40
61
99
68
46
59
44
60
79
55
65
93
67
64
63
95
49
100
81
80
50
51
54
66
47
52
78
53
56
77
76
58
231
97
137
73
138
141
57
43
94
70
62
359
92
149
91
350
74
289
147
284
144
72
69
263
142
274
83
139
271
270
135
82
136
265
277
316
315
140
312
308
143
88
85
306
291
145
86
303
302
146
298
148
150
296
292
134
233
101
98
108
293
294
295
109
111
75
297
112
71
299
300
301
87
110
107
304
106
84
307
105
104
309
310
311
103
313
102
314
89
90
317
318
124
264
133
132
266
131
267
268
269
130
129
272
128
273
127
275
276
126
125
278
279
280
281
113
282
283
123
285
286
287
122
288
121
290
305
348
349
120
351
352
353
119
354
355
356
357
358
118
360
347
362
363
364
365
366
117
367
368
116
369
96
370
371
372
373
374
333
320
321
322
323
324
325
326
327
328
329
330
331
332
319
334
335
336
337
338
339
340
341
342
343
344
345
346
361
153
176
177
178
179
180
181
182
183
184
185
186
187
188
189
174
191
192
193
194
195
196
197
198
199
200
201
202
203
204
190
154
155
157
159
161
162
151
164
165
166
167
168
170
171
172
173
163
169
160
158
156
152
249
235
236
237
238
239
240
241
242
243
244
245
246
247
248
234
250
251
252
253
254
255
256
257
258
259
260
261
262
220
206
207
208
209
210
211
212
213
214
215
216
217
218
219
205
221
222
223
224
225
226
227
228
229
230
115
232
114
