15
0
1
2
3
4
5
6
8
7
10
9
13
12
11
14
17
32
23
26
19
42
58
46
22
41
28
69
47
24
25
21
18
120
48
40
30
197
86
72
39
55
49
50
104
82
31
27
20
51
96
75
74
38
73
217
76
77
256
78
79
80
81
43
37
147
122
124
176
84
83
85
160
100
162
53
129
174
54
159
29
56
126
57
36
190
136
141
127
156
157
59
241
60
228
227
44
125
252
61
253
121
255
45
62
63
207
204
35
123
199
198
34
193
213
216
66
218
219
222
128
223
101
221
220
67
99
33
97
215
214
70
212
211
210
209
200
192
71
194
195
196
68
65
93
191
201
92
202
203
90
205
206
89
208
88
111
254
94
118
117
251
250
249
248
247
246
245
244
243
242
116
233
225
226
114
113
229
230
231
232
224
234
235
236
237
238
239
189
240
112
102
135
130
145
146
110
158
109
108
155
154
153
152
151
150
149
148
64
144
143
142
106
140
139
138
137
105
134
133
132
175
52
131
103
188
187
186
185
184
183
182
181
180
119
179
107
178
177
115
87
91
173
172
171
170
169
168
167
95
166
165
164
163
98
161
16
